3,2
10,99
10,123
10,143
10,221
10,269
10,183
10,267
10,2
10,3
11,12
11,17
11,15
11,19
11,22
11,14
11,2
11,3
9,5
9,1
9,7
8,11
142,4
142,3
8,10
142,1
139,1
8,12
139,0
138,4
138,3
138,2
138,1
138,0
137,6
137,5
137,4
12,2
137,3
12,1
137,2
137,1
12,3
137,0
136,5
136,4
136,3
136,2
136,1
136,0
135,4
135,3
135,2
135,1
135,0
134,5
134,4
134,3
134,2
134,1
134,0
133,5
133,4
133,3
133,2
133,1
133,0
132,3
132,2
132,1
132,0
131,4
131,3
131,2
131,1
131,0
130,3
130,2
130,1
130,0
129,4
129,3
129,2
129,1
129,0
128,4
128,3
128,2
128,1
128,0
127,5
127,4
127,3
127,2
127,1
127,0
126,5
126,4
126,3
126,2
126,1
126,0
125,5
125,4
125,3
125,2
125,1
125,0
123,3
123,2
123,1
123,0
122,3
122,2
122,1
122,0
99,3
99,1
20,3
20,2
20,1
19,1
19,3
19,2
18,1
14,9
